25198
30480
35295
39960
44492
48941
61071
65436
69835
74283
78732
83031
95027
99992
105491
110189
114588
119020
131584
144129
148811
153393
158091
162540
174536
178802
184867
189349
194180
198762
211009
215524
220406
225271
229753
234202
246365
251380
256445
260660
265326
269874
281887
286153
290685
295150
299665
304114
316127
320809
325108
329373
333888
338720
351550
355898
360280
364462
368978
373710
386256
391138
395570
400118
406166
411082
423311
428260
432842
438007
442389
446604
458884
463249
467481
471913
477395
482110
494073
498339
502971
507752
512168
516700
528613
533128
537710
542209
546774
551539
563402
567834
572633
576998
581680
586279
591727
596109
600558
604956
609555
614204
626200
630415
634814
639313
643595
648193
660256
664638
669004
673269
677601
682383
694329
698928
703194
707709
712324
716839
728986
733701
738383
743215
747463
752029
763942
769090
774055
778704
784019
788384
800414
804763
809345
814210
819442
823690
828472
833088
837370
842035
846533
851265
860096
867577
871976
876391
880906
885305
897585
902417
906715
911397
916062
920378
932591
937106
941821
946370
951052
955234
967280
971679
976778
981259
986075
990357
1002320
1006568
1010867
1015033
1019248
1023663
1035710
1040158
1050838
1055520
1060635
1065051
1077297
1081662
1086194
1090910
1095325
1100040
1112771
1117868
1122383
1126932
1131547
1136662
1148576
1153324
1157673
1163521
1167970
1172452
1185464
1190563
1195361
1199527
1204942
1209424
1222687
1227085
1231550
1236716
1240964
1245230
1257559
1262908
1267340
1271688
1276604
1280852
1292882
1297264
1301646
1306028
1310593
1315092
1327122
1332120
1336635
1341551
1345883
1351364
1363294
1367709
1372125
1377023
1381538
1386537
1399117
1403682
1408464
1413129
1417394
1421760
1434106
1438588
1443237
1448085
1452600
1457266
1469145
1473444
1477943
1482258
1486607
1490906
1503435
1509583
1514398
1519730
1524129
1528644
1540707
1544956
1549255
1553653
1558035
1562617
1574697
1579479
1584077
1588876
1593291
1597623
1609736
1614585
1619483
1624115
1628997
1633246
1645609
1651440
1656089
1660837
1665436
1669968
1682081
1686646
1692461
1696743
1702058
1706624
1719037
1723735
1728667
1733049
1740064
1744429
1757425
1761690
1766172
1770454
1775070
1780668
1792748
1797396
1801911
1806294
1811925
1816407
1828737
1833452
1837667
1842866
1847131
1851463
1863476
1868525
1872823
1877789
1882137
1886786
1898632
1903064
1907496
1912361
1916927
1921309
1933388
1937954
1942269
1947168
1951650
1956365
1968461
1972960
1977942
1982224
1986556
1990838
2003001
2007716
2012748
2016996
2021562
2025861
2038023
2043722
2048170
2052736
2057068
2062033
2074246
2078961
2083976
2088858
2094057
2098789
2110685
2115650
2120215
2125614
2130279
2135144
2147074
2151839
2156088
2161103
2165435
2169900
2181830
2186179
2190594
2195326
2200075
2204323
2216270
2220718
2225017
2229382
2234281
2238863
2250809
2255358
2259557
2264355
2268687
2273069
2285182
2289531
2293930
2298112
2302794
2307076
2320072
2324554
2328752
2333218
2339083
2344064
2356061
2360609
2367291
2377254
2385952
2391933
2404363
2409078
2413844
2418275
2423490
2428106
2440235
2444867
2449466
2454014
2458363
2463395
2468210
2474925
2479307
2483906
2488138
2493336
2505399
2511147
2515713
2520494
2525076
2529792
2534890
2540622
2544804
2549936
2554701
2559466
2571679
2594305
2616799
2640008
2685645
2690543
2694858
2699407
2703789
2716085
2720484
2725799
2730681
2735580
2740145
2752591
2758373
2763488
2767770
2772102
2777567
2789363
2794195
2802259
2868556
2881802
3012496
4184502
4190217
4204246
4209061
4219308
4224356
4229988
4234537
4246450
4250865
4255297
4260096
4265194
4269510
4282039
4286871
4291370
4295818
4300267
4304832
4318178
4322977
4327275
4331991
4336706
4341138
4353601
4358283
4362598
4367913
4372628
4377177
4389323
4394022
4400803
4405135
4409684
4413899
4426445
4430777
4435493
4440491
4444956
4449272
4461202
4465900
4470832
4475314
4480829
4485261
4497341
4506938
4511487
4516002
4520634
4525016
4536995
4542160
4546576
4551408
4555840
4560305
4572151
4576867
4581999
4586297
4592495
4596911
4608890
4613322
4618437
4622853
4627568
4632050
4643980
4648412
4652860
4657409
4661758
4666156
4680552
4689166
4693648
4698380
4702929
4707744
4765410
4851101
4860781
4996090
