35106
44290
52317
64663
79059
87806
95604
105651
119916
127978
135726
144056
158402
166699
174730
183677
197523
206637
215018
223749
239127
246991
255506
264053
277882
286113
294044
301825
339647
347861
356175
365389
379301
387433
395263
408026
422039
431969
440016
450680
470974
479771
487969
496516
518593
527090
543085
550999
567511
587155
596686
605750
636840
648737
666232
682777
698422
706703
733661
755021
763818
778398
786230
814487
822451
831348
844844
853458
861422
869453
887948
897945
911524
920038
928385
942465
951263
959743
968940
982736
991018
999397
1008994
1022907
1048166
1056680
1064911
1079359
1087187
1095152
1103699
1141171
1175211
1185941
1193839
1202736
1222880
1232360
1242957
1252754
1266883
1274731
1283246
1291675
1306288
1317195
1326148
1335079
1343110
1358722
1366653
1374667
1382631
1396210
1404375
1413705
1421786
1436382
1446279
1454826
1463390
1481935
1490566
1498496
1511176
1525572
1548015
1556596
1567226
1581871
1592434
1601416
1610154
1625541
1634209
1645919
1653999
1682574
1691355
1700219
1709399
1715681
1733992
1748954
1757101
1765715
1784177
1792674
1809402
1817966
1832462
1844558
1854705
1863190
1878998
1887296
1895362
1937880
1957624
1978118
1987482
1996333
2015190
2023121
2030902
2039533
2055961
2072874
2080820
2089318
2098182
2113011
2121725
2132255
2144068
2161646
2170328
2178608
2196635
2212030
2243771
2252435
2260832
2274291
2285642
2294439
2302637
2317149
2328962
2338909
2347040
2360719
2369716
2380946
2390277
2404489
2413303
2421167
2430181
2443911
2455541
2476334
2484398
2499577
2509307
2517221
2526386
2540631
2549695
2560942
2569089
2583668
2593898
2605545
2619191
2644300
2679623
2688420
2696203
2745652
2754233
2768633
2777243
2785274
2793854
2807801
2815748
2823796
2831844
2845522
2853586
2861618
2869598
2884027
2899972
2908603
2917344
2931063
2953640
2962537
2971134
2984999
2993328
3001392
3010955
3024985
3032884
3040847
3048694
3063190
3071670
3080351
3089065
3107809
3116208
3126587
3135934
3154062
3163295
3178672
3186603
3194733
3209429
3218318
3227074
3235105
3261263
3271777
3281923
3297869
3311681
3319996
3331009
3340923
3355286
3365498
3373479
3382260
3396822
3404753
3413017
3421498
3436660
3445274
3453388
3461819
3477298
3490394
3498608
3518735
3533081
3556124
3564206
3575068
3583232
3606025
3621421
3630468
3639316
3653578
3662658
3671123
3680289
3702563
3711960
3719958
3729038
3744301
3752098
3761112
3769626
3787304
3796035
3803999
3812730
3826642
3839605
3849602
3856133
3870429
3885791
3900386
3975331
3983561
3994058
4009637
4018338
4026882
4035398
4049225
4057222
4065820
4074101
4087980
4096594
4106608
4114755
4129350
4139181
4147779
4156609
4171955
4184151
4197780
4206394
4222239
4231586
4245532
4253879
4270725
4280022
4288886
4303631
4319193
4328041
4345352
4353716
4370245
4378158
4386157
4395087
4410932
4418930
4427944
4437157
4469215
4478528
4505903
4514634
4531129
4658540
4671620
4680534
4688365
4704510
4713591
4722155
4730885
4744414
4752395
4760876
4770374
4785502
4794450
4805246
4817409
4832888
4841102
4850066
4857980
4872226
4880007
4888088
4896752
4914180
4922511
4934540
4943671
4955351
4969863
4980477
5007518
5038275
5047073
5061535
5070183
5080314
5088694
5103139
5111554
5120534
5129448
5143327
5152158
5160156
5168253
5185381
5193729
5202193
5210241
5224086
5233766
5242265
5250378
5264541
5273704
5282535
5291216
5310793
5319674
5327972
5336469
5352931
5361282
5371358
5397451
5412429
5423959
5431957
5440821
5455983
5489073
5503468
5512099
5526895
5537625
5546972
5556619
5570348
5578979
